\begin{tabular}[H]{ |p{2cm}p{2cm}p{2cm}p{2cm}p{2cm}|}
 \hline
 \multicolumn{5}{|c|}{TABLE III} \\
 \multicolumn{5}{|c|}{TRANSITIONS BETWEEN CLASS-SIZE IN ADJACENT GRADES}\\
 \multicolumn{5}{|c|}{ NUMBER OF STUDENTS IN EACH TYPE OF CLASS}\\
 \hline
 \hline
 \multicolumn{1}{|c}{Kindergarten to 1st Grade} 
 &
 \multicolumn{4}{c|}{First Grade} \\
 \hline
   Kindergarten &Small & Regular & Regular w/ Aide& Total \\
Small&  1293&	120	&144&	1557\\
Regular  & 126	&1474&	1989&	3589\\
Regular  w/ Aide& 122&	1522&	2118&	3762\\
All & 1541&	3116&	4251&	8908\\
&&&&\\
 \multicolumn{1}{|c}{1st to 2nd Grade} 
 &
 \multicolumn{4}{c|}{Second Grade} \\
 \hline
 Small& 1421&	46&	72&	1539\\
 Regular&152&	2964&	579	&3695\\
 Regular w/ Aide&40&	230	&4674&	4944\\
 All&1613&	3240&	5325&	10178\\

&&&&\\
 \multicolumn{1}{|c}{2nd to 3rd Grade} 
 &
 \multicolumn{4}{c|}{Third Grade}\\
 \hline
 Small& 1552& 74& 102&	 1728\\
 Regular&167	&2918&	444	&3529\\
 Regular w/ Aide& 36	&134	&5508	&5678\\
 All&1755	&3126&	6054	&10935\\
 \hline

\hline
\end{tabular}

